 
10243933
10301155
10355934
10423133
10724595
10754743
10771838
10954198
10956932
10960627
10962235
11157979
11588960
11663523
11835728
11884328
12311710
12326889
12634787
12799570
12917151
13023370
13166407
13196665
13208076
13247482
13262277
13266564
13272961
13292569
13292615
13316529
13367495
13367530
13383245
13383355
13383357
13383363
13383365
13383369
13383374
13507149
13515502
13516779
13517294
13547935
13575939
13587619
13611926
13651432
13678747
13699751
13702657
13757826
13762917
13776693
13807476
13883555
13906321
13920353
13921351
13928694
13931502
13934325
13945355
13952682
14008730
14030588
14036177
14036250
14037174
14044189
14046101
14046639
14061666
14064127
14077191
14084049
14085506
14091110
14103025
14115001
14120675
14123929
14127096
14148176
14161433
14161697
14164742
14173725
14176627
14177017
14177434
14178339
14182177
14185805
14186180
14186504
14186517
14186550
14192193
14192613
14197648
14197685
14200211
14202550
14202754
14203145
14204054
14206671
14241953
14259073
14280689
14300095
14328803
14329302
14349320
14362463
14448641
14475764
14478297
14500255
14514252
14514295
14514344
14530121
14543522
14552846
14589763
14597137
14634242
14670721
14670725
14671381
14677004
14677728
14706701
14725338
14756121
14763890
14831015
14839226
14839233
14839238
14847582
14851485
14893471
14926003
14944965
14952197
14962717
14976352
15012773
15031791
15087767
15110097
15126364
15127745
15140931
15183619
15192220
15204832
15204857
15204858
15209053
15222786
15235062
15242639
15252205
15263076
15276542
15285447
15299064
15390009
15429926
15430076
15603467
15666678
15666800
15691990
15709089
15731397
15767551
15800664
15918855
15958324
15968110
16035177
16060084
16069504
16081540
16133200
16145581
16149322
16154048
16156923
16189499
16319976
16567791
16597513
16650300
16715291
16722218
16728561
16735738
16844337
16912118
16917470
16997471
16997561
17001794
17002121
17003113
17003137
17003142
17003157
17016844
17031785
17047218
17090867
17122780
17123105
17129179
17132566
17152018
17162114
17167356
17195385
17268734
17288632
17295390
17302485
17305166
17363849
17414026
17414808
17431187
17431307
17431964
17431965
17438575
17539114
17543736
17568291
17570114
17573064
17581155
17606623
17647958
17653122
17672462
17673987
17680697
17684638
17729623
17734046
17734127
17756095
17762392
17814329
17870517
17934711
17952836
17952886
17952897
17972504
17982130
17998438
18010639
18040075
18043096
18051920
18098949
18117476
18154703
18169820
18181416
18182421
18185792
18188173
18194064
18208370
18237937
18241872
18244070
18283758
18332596
18342428
18345478
18347840
18380132
18418702
18443301
18446039
18451618
18451710
18468631
18524917
18531110
18541811
18542212
18544199
18549165
18565385
18567121
18620300
18640737
18672643
18713482
18726062
18726093
18736341
18751490
18755892
18761298
18763566
18763829
18764676
18766761
18767865
18767882
18801586
18806045
18806717
18810064
18840097
18865651
18868981
18876660
18882001
18886438
18886499
18886533
18954657
18963979
18970040
18970232
18992857
19005909
19008421
19063563
19064220
19065745
19066003
19076724
19103997
19111370
19113119
19114718
19116846
19125418
19125950
19125999
19126011
19130640
19140635
19145547
19153224
19153229
19153232
19168174
19188819
19207408
19247682
19299131
19316425
19317762
19321641
19349845
19355004
19355447
19356439
19360295
19362587
19367648
19370379
19370450
19370459
19370464
19381386
19381389
19388064
19391291
19391543
19406651
19408556
19439088
19443576
19453885
19454266
19456392
19462721
19466765
19468887
19489896
19507391
19515300
19517031
19517681
19525161
19541210
19552517
19552538
19552666
19568835
19588838
19589826
19591278
19595941
19595993
19600993
19611180
19611399
19612920
19614051
19620690
19627470
19632926
19641128
19643058
19647208
19655874
19679660
19704778
19712779
19729194
19729280
19736270
19744371
19768497
19777534
19779021
19793203
19828308
19841195
19847702
19886351
19888136
19889803
19900285
19900831
19917831
19920548
19934296
19942554
19943117
19950966
19963478
19965923
19966438
19966494
19966495
19966596
19966598
19966600
19966602
19996373
19999616
20007986
20014219
20025901
20026140
20036064
20044964
20068814
20076950
20087011
20135206
20137316
20151528
20155777
20165266
20210547
20220595
20220719
20228399
20231362
20234097
20234402
20236681
20257260
20267048
20291946
20305117
20309974
20339494
20344407
20349431
20350084
20350744
20354978
20380824
20405876
20419138
20428588
20450062
20468132
20480290
20519767
20534943
20544807
20547275
20547587
20583494
20602482
20617221
20617826
20618133
20623443
20628335
20640105
20641655
20646192
20662579
20679384
20688894
20733649
20757453
20760967
20762924
20766577
20773415
20775163
20777237
20777558
20779504
20786403
20798254
20798657
20811601
20813775
20814884
20818323
20821517
20821551
20836429
20848268
20865015
20869570
20870780
20871405
20884053
20919516
20930055
20936386
20945527
20946854
20946926
20947378
20949764
20949766
20954329
20957864
20960474
20961330
20966163
20966910
20966918
20973442
20973488
20981043
20981719
20985314
20986731
20990762
20990767
20996530
20997511
21002055
21014965
21015312
21015525
21025703
21058011
21063606
21068417
21075624
21086715
21088168
21109600
21119320
21128226
21130858
21132680
21145775
21163515
21164281
21165185
21166291
21171527
21177550
21177763
21184566
21187868
21188924
21190054
21190055
21190056
21193234
21199287
21204527
21206736
21206739
21206740
21210215
21215754
21227571
21227572
21233248
21237800
21243889
21245187
21246461
21264891
21269034
21269035
21269036
21269416
21279186
21279189
21279190
21279191
21285762
21285961
21305776
21307619
21307685
21310561
21313071
21315880
21331531
21331532
21334475
21335960
21340842
21343210
21348061
21348145
21349324
21361666
21372801
21391606
21391608
21393961
21396298
21402515
21403032
21407061
21410819
21418050
21420909
21433728
21449511
21464418
21469501
21489540
21492116
21492118
21492119
21495293
21497675
21497947
21498817
21504772
21505924
21529517
21539564
21542244
21546313
21546318
21550320
21552697
21552887
21557453
21559719
21559720
21559810
21559812
21576304
21581828
21581829
21581830
21583754
21587962
21587967
21587968
21596032
21598638
21598644
21602470
21605381
21606688
21614632
21614633
21614635
21614774
21617298
21617872
21617878
21617881
21619562
21623561
21640252
21642171
21642172
21652391
21680452
21685100
21689212
21705698
21705797
21746905
21746906
21746909
21746910
21753674
21753675
21755201
21759202
21765083
21770365
21770367
21770368
21770372
21780913
21785445
21792868
21799493
21804310
21823441
21823442
21836828
21836836
21836838
21840866
21857818
21864240
21864375
21864377
21867737
21871921
21878927
21889631
21896831
21897546
21902511
21902512
21902513
21904644
21917952
21918126
21919858
21925522
21926259
21926273
21926274
21934686
21934695
21942676
21943619
21948447
21952665
21953457
21955978
21961375
21961376
21966157
21971559
21971560
21972726
21978438
21978445
21983472
21987354
21990578
21993095
21998791
22004901
22010179
22016226
22019486
22019682
22019683
22019684
22019688
22019689
22023722
22024100
22024102
22032475
22035022
22040819
22040823
22040824
22040826
22040827
22044129
22047530
22047531
22047532
22050441
22052601
22052602
22064010
22066761
22068544
22068548
22068552
22068553
22068555
22068556
22068560
22072840
22072844
22072846
22076362
22079115
22082468
22089635
22089636
22092490
22094725
22097916
22097917
22097919
22102456
22102945
22102969
22109725
22110149
22110852
22114338
22114342
22114343
22118401
22119062
22121049
22123339
22130526
22134153
22134265
22135669
22140197
22140952
22145172
22149659
22158142
22161956
22162181
22166325
22166788
22171710
22171714
22171716
22174566
22179975
22179978
22185640
22185641
22185644
22195137
22195140
22197216
22198230
22200756
22202353
22204054
22210246
22218342
22220354
22221994
22223501
22225369
22225451
22226350
22229389
22229406
22238011
22239076
22241248
22248047
22250435
22256451
22256455
22260882
22260889
22264755
22265492
22269256
22269258
22275255
22275263
22275372
22279674
22279744
22279750
22285113
22285125
22285773
22289372
22289377
22294747
22295469
22297732
22298565
22299842
22300091
22302551
22307938
22310858
22310862
22313121
22315106
22320638
22328199
22333272
22340524
22342503
22344749
22345656
22345657
22345658
22350692
22355749
22355818
22362165
22363353
22365145
22367782
22371513
22373796
22373797
22373798
22375857
22383158
22385558
22386137
22386603
22393365
22395404
22395407
22395410
22399668
22520834
22521393
22526646
22531771
22532188
22536543
22537321
22539540
22540013
22540671
22586239
22590848
22590852
22590853
22590854
22594419
22596386
22596389
22599043
22599666
22599675
22599690
22600717
22602718
22606554
22606653
22606654
22606661
22607089
22609258
22609650
22609651
22609657
22611063
22615260
22615261
22616384
22616531
22619910
22619911
22620204
22620943
22621783
22621788
22624852
22625053
22625717
22625718
22625719
22628619
22628701
22634254
22635638
22635642
22645009
22654004
22654861
22654863
22654864
22655037
22655059
22660207
22661517
22663287
22666407
22674042
22676641
22677366
22677369
22681315
22688058
22692115
22696175
22697555
22699288
22701396
22707447
22707448
22709579
22709580
22711505
22713578
22713581
22713906
22715441
22716521
22716522
22716523
22716526
22716748
22716769
22720721
22723172
22723173
22723432
22725347
22728559
22729059
22734694
22735114
22735744
22736325
22736326
22736336
22736839
22736840
22738282
22739404
22739570
22741216
22744495
22745454
22746358
22750826
22751683
22751690
22752221
22755519
22755765
22755766
22756983
22756984
22756988
22757673
22761580
22761622
22764356
22766226
22768793
22770788
22771390
22772090
22772092
22773460
22776360
22777162
22780352
22780454
22781545
22781555
22782920
22788206
22794691
22795916
22797117
22808692
22809426
22810466
22810468
22810637
22810639
22812244
22814175
22814650
22816968
22819686
22819687
22819890
22819891
22820443
22820731
22823240
22823241
22823242
22823525
22823559
22823915
22827229
22827236
22832249
22832790
22832792
22837669
22838338
22838346
22841784
22843730
22847287
22847467
22849729
22849731
22849740
22851467
22851468
22854970
22858225
22861454
22867102
22867109
22867110
22867111
22867112
22868732
22869515
22872098
22876213
22877446
22879574
22882881
22882882
22882883
22887804
22888362
22888590
22888593
22888596
22888602
22889986
22893667
22893670
22894966
22899848
22900458
22901824
22906213
22906239
22906321
22906322
22906323
22906324
22911607
22912375
22916153
22916980
22923210
22923211
22923568
22929813
22929987
22934886
22937613
22938932
22938935
22939034
22942826
22942891
22948090
22948989
22948990
22953706
22953707
22953708
22954509
22954510
22954511
22954512
22954627
22955963
22958829
22959094
22961381
22961382
22962153
22962753
22962831
22963009
22963390
22966129
22971511
22972972
22972979
22973238
22975700
22977530
22981675
22987264
22988248
22988610
22993296
22993475
22995769
22999684
23003235
23003826
23003827
23004473
23010574
23010840
23011257
23011260
23013022
23015488
23015844
23015845
23015847
23021406
23028786
23030508
23031630
23032653
23033982
23033983
23033984
23034600
23034603
23034723
23038658
23039440
23040062
23040065
23040070
23040337
23040837
23042669
23045565
23045612
23049127
23049706
23050269
23050273
23050792
23050794
23051686
23051964
23052021
23055413
23055863
23056063
23056431
23059938
23060530
23060540
23061994
23063998
23064249
23064286
23064289
23065368
23066364
23068805
23074805
23075565
23075903
23080643
23081327
23083214
23084133
23085739
23090675
23090958
23091388
23093917
23098345
23100761
23101192
23101193
23105355
23111050
23111120
23111121
23116612
23116616
23122824
23125002
23125003
23125598
23126872
23129814
23130092
23130510
23134791
23134792
23137304
23138522
23139268
23139270
23142595
23144271
23144458
23147561
23149751
23149752
23149753
23149754
23149755
23149965
23150207
23150208
23150209
23153864
23154747
23155030
23159375
23168362
23169725
23171566
23171596
23171599
23171600
23172084
23172085
23172086
23172092
23178240
23180144
23180646
23181192
23181584
23181588
23183626
23186025
23186253
23187900
23188222
23192164
23192166
23193951
23193952
23197342
23198073
23198077
23203035
23206208
23206209
23206210
23212887
23213093
23213263
23213266
23213267
23215422
23215704
23218280
23218509
23219358
23222060
23222070
23222089
23222222
23224180
23231513
23231739
23231745
23231747
23240596
23241700
23241973
23246752
23246842
23246843
23247494
23248561
23250832
23251456
23259987
23260001
23260769
23264088
23264089
23264090
23267069
23267845
23268665
23268692
23268693
23271680
23271857
23273131
23273500
23278051
23278143
23278272
23278593
23280991
23281321
23281979
23283925
23284060
23284062
23284845
23285746
23285749
23287191
23289564
23289599
23289623
23293586
23293587
23293588
23293589
23294629
23294630
23294631
23295656
23296694
23296697
23298248
23300866
23302206
23302663
23302664
23307936
23308561
23308754
23313251
23313784
23313793
23313808
23316780
23317624
23320326
23320472
23321188
23324173
23325361
23326792
23332167
23333276
23336343
23337935
23340086
23347401
23348500
23349573
23349691
23349693
23350141
23364059
23366313
23376259
23379357
23383916
23389089
23396118
23415012
23417219
23420115
23427660
23427862
23428439
23428794
23432110
23433651
23436168
23436982
23437183
23439108
23439206
23439520
23441652
23443365
23443371
23443380
23443460
23444651
23445442
23446741
23446744
23446754
23446775
23446784
23447651
23449125
23450832
23452033
23452050
23452080
23452086
23452953
23454103
23456809
23456959
23457678
23458140
23458149
23458166
23458176
23458181
23458183
23460444
23462017
23462825
23462826
23462829
23462920
23462965
23463160
23463166
23463336
23464689
23466294
23467241
23467248
23467252
23467257
23467273
23470966
23472393
23477935
23477989
23479912
23482917
23483142
23483167
23483171
23483404
23483414
23483437
23483584
23483594
23483604
23483622
23483623
23483627
23483739
23486842
23488708
23488740
23488753
23488757
23488763
23488765
23488767
23488771
23495052
23495395
23495406
23495410
23495414
23498847
23498867
23500745
23501475
23501879
23501927
23501995
23501996
23502003
23502214
23506219
23507178
23510228
23510868
23512607
23513432
23514179
23514259
23514260
23514262
23514270
23514271
23514272
23514275
23514276
23514278
23514286
23514288
23514622
23514632
23514642
23514644
23514755
23517148
23517841
23517858
23517871
23518871
23518882
23518893
23518928
23518935
23523552
23523635
23524067
23524115
23524664
23527436
23527786
23528247
23528282
23529373
23529377
23529396
23529781
23529882
23529883
23529888
23529927
23529931
23530003
23530017
23530024
23530029
23530030
23530040
23530041
23530074
23530102
23530107
23530114
23530123
23530149
23531106
23532828
23532930
23532944
23533106
23533145
23533825
23533836
23536169
23536185
23536361
23537112
23537133
23538006
23538426
23539313
23539333
23539484
23539601
23539784
23541660
23541807
23541835
23541953
23542519
23543025
23543875
23543989
23545509
23545670
23546638
23547351
23547743
23548122
23548139
23548443
23548479
23548640
23552149
23552658
23552698
23552729
23553229
23553232
23553542
23556424
23556652
23558098
23558157
23558267
23558268
23558561
23558722
23559271
23559504
23559718
23559723
23559728
23559732
23559745
23560036
23560151
23561457
23562235
23564877
23565700
23566167
23566213
23566339
23567185
23567289
23568167
23568480
23569128
23569975
23570105
23572424
23573502
23574125
23578217
23578226
23578679
23579381
23580666
23581529
23581539
23582829
23583198
23584259
23584441
23585861
23586971
23590063
23590130
23590233
23590519
23590799
23591899
23592740
23594395
23594957
23597048
23600483
23601610
23602328
23602577
23603618
23603746
23604976
23605807
23605887
23605946
23606002
23606014
23606169
23606518
23606639
23606645
23608510
23608891
23608915
23608994
23609512
23609738
23609899
23611454
23612326
23615372
23618104
23620213
23620471
23620495
23620545
23620650
23623321
23624146
23625101
23625511
23626000
23627445
23628088
23629208
23629925
23630255
23630306
23630668
23630834
23631188
23631992
23632707
23632713
23632714
23632715
23632716
23632719
23632720
23632721
23632723
23632725
23632726
23632728
23632729
23632731
23632732
23632734
23632747
23632758
23632771
23632772
23632773
23632774
23632776
23632777
23632778
23632779
23632780
23632781
23632785
23632786
23632787
23632789
23632790
23632791
23632792
23632793
23632797
23632798
23632799
23632801
23632803
23632804
23632805
23632806
23632807
23632808
23632810
23632812
23632813
23632815
23632816
23632817
23632820
23632821
23632822
23632823
23632824
23632826
23632827
23632830
23632831
23632833
23632835
23632836
23632839
23632840
23632842
23632843
23632844
23632845
23632847
23632848
23632850
23632851
23632852
23632854
23632856
23632857
23632858
23632859
23632860
23632861
23632862
23632863
23632864
23632865
23632866
23632867
23632869
23632870
23632875
23632877
23632878
23633725
23633902
23634934
23635013
23635594
23637386
23641293
23641595
23641664
23642414
23642690
23645530
23645580
23645600
23646260
23646604
23646672
23646719
23649259
23651417
23651435
23651459
23651600
23651811
23652336
23652796
23652830
23652977
23653898
23654639
23656359
23656362
23656372
23656585
23656588
23656656
23656792
23656946
23657050
23657458
23657720
23657889
23657914
23658429
23658444
23658671
23659368
23661048
23661314
23661623
23664018
23664145
23665087
23665536
23665738
23667823
23668747
23670551
23671393
23671470
23672218
23672488
23673854
23674230
23676048
23676100
23676155
23676369
23676465
23677723
23677750
23678032
23679977
23680461
23681931
23682270
23686018
23686161
23687320
23687542
23687556
23687860
23687918
23688021
23689401
23690823
23691073
23691576
23691625
23691680
23691808
23691840
23693551
23693662
23693710
23695105
23695179
23695801
23697083
23697493
23697510
23697680
23698012
23698158
23698191
23699823
23699857
23700942
23701472
23702479
23702858
23703366
23703635
23704378
23708598
23708989
23709342
23709958
23710183
23710464
23711548
23711672
23711935
23712545
23712548
23712549
23712777
23713004
23713427
23714103
23714106
23714108
23715871
23716522
23717137
23717216
23718078
23718799
23719803
23720537
23721249
23721254
23721562
23721948
23722088
23722433
23722441
23723308
23723359
23724846
23725650
23726225
23726364
23727533
23727593
23727762
23729036
23730634
23730680
23731149
23731188
23734180
23734900
23737679
23737786
23740807
23740808
23740809
23740919
23741261
23741544
23742230
23742565
23742903
23743155
23743528
23743553
23744543
23746402
23746420
23746533
23747559
23747726
23748949
23750357
23750358
23751605
23752409
23753120
23753825
23754861
23755188
23755383
23755472
23755780
23755952
23756000
23756077
23756363
23757611
23759421
23759424
23760273
23761068
23761828
23762043
23762344
23763128
23764507
23765328
23766202
23767068
23767113
23767150
23767247
23767347
23767415
23769344
23769581
23770865
23771082
23771686
23771755
23771988
23772342
23772715
23772901
23773503
23774380
23774647
23774882
23775191
23777491
23778447
23778503
23781300
23782301
23786665
23786666
23786668
23786672
23786673
23787199
23787243
23787541
23787707
23787952
23788302
23788663
23789098
23789099
23789143
23789191
23789328
23789471
23789472
23790641
23790642
23790672
23790805
23792347
23793395
23793748
23797603
23797753
23798138
23799177
23807959
23808135
23808742
23808956
23814465
23814968
23815150
23815571
23819482
23821371
23821450
23821681
23822184
23824247
23824553
23825844
23827319
23827459
23827652
23838803
23838804
23838805
23838806
23838807
23838809
23838810
23838812
23838813
23838814
23838817
23838822
23838824
23838825
23838826
23838827
23838828
23838829
23838830
23838831
23838832
23838833
23838834
23838835
23838837
23838838
23838840
23838841
23838842
23838843
23838845
23838847
23838848
23838849
23838850
23838852
23838853
23838854
23838855
23839472
23839502
23839644
23840855
23841008
23841168
23842840
23842899
23842906
23842910
23842942
23843277
23843323
23844922
23844926
23844944
23844949
23844956
23844962
23844980
23845011
23845018
23845062
23845152
23845913
23845915
23845934
23845936
23846899
23846921
23847484
23847485
23847612
23848079
23848289
23848424
23848477
23848679
23849372
23849424
23849568
23849569
23851384
23851455
23852630
23852856
23852872
23853197
23853283
23853985
23854095
23856214
23856522
23856613
23856799
23856801
23857802
23857849
23858592
23858982
23859199
23859283
23861283
23861554
23861705
23861848
23862065
23862133
23862165
23862356
23862367
23862406
23862766
23862929
23863076
23863192
23863492
23863494
23863529
23863676
23863703
23863743
23863920
23863932
23863941
23863947
23865617
23865711
23865970
23865971
23865983
23865997
23866047
23866271
23866822
23866823
23867160
23867169
23867270
23867883
23868121
23868122
23868134
23868511
23868518
23868699
23869360
23869432
23869433
23869814
23870588
23872294
23872381
23872414
23872449
23873120
23873855
23874216
23874218
23874928
23875007
23875045
23875073
23875153
23877087
23877127
23877158
23877326
23877331
23877338
23877339
23877825
23877948
23878069
23878629
23878647
23878658
23878742
23878770
23878897
23878989
23878990
23878995
23879020
23879639
23879883
23880081
23880532
23880956
23882505
23882797
23883291
23883378
23883403
23883500
23883560
23883832
23884492
23884526
23884590
23884637
23885068
23885253
23885895
23885905
23887085
23887229
23887268
23887504
23887740
23887815
23887885
23887897
23887929
23888028
23888274
23888404
23888476
23888517
23888590
23888807
23888877
23888992
23890190
23891495
23893284
23893493
23894489
23894875
23895768
23895833
23896208
23896478
23896487
23896609
23896673
23896870
23897149
23897390
23897614
23897625
23897645
23903473
23903474
23903475
23903477
23903478
23903479
23903536
23903576
23903679
23904674
23904715
23904824
23904916
23904973
23905997
23906925
23906930
23906971
23907121
23907491
23908790
23909708
23909910
23910149
23910181
23911346
23911847
23911862
23911882
23911948
23912722
23913263
23913290
23913313
23913415
23913730
23914437
23915326
23915453
23915668
23915792
23915816
23916382
23916788
23917090
23917931
23918002
23918076
23918110
23918676
23918787
23919345
23919789
23920261
23920265
23920273
23920301
23920352
23921025
23921636
23921732
23921745
23921747
23921772
23921903
23921937
23922870
23923303
23924626
23924798
23924861
23925006
23925026
23925252
23925991
23926134
23926256
23926293
23926870
23926901
23927149
23927341
23928887
23931531
23931925
23932275
23932503
23933627
23933721
23935154
23935508
23935620
23936066
23936109
23936235
23936331
23936882
23936887
23937103
23937160
23937319
23937539
23937592
23937631
23939091
23939112
23939116
23939543
23939887
23939897
23940258
23942083
23945884
23947215
23947216
23947217
23947219
23947220
23947221
23947223
23947224
23947263
23947411
23948080
23948326
23948328
23948449
23948658
23948670
23948711
23949188
23949198
23949410
23949626
23949817
23950190
23950236
23950251
23950456
23950663
23950861
23951038
23951641
23952184
23955546
23955598
23955625
23955667
23955867
23956171
23956487
23956761
23957084
23957172
23957289
23957350
23957445
23957749
23959569
23959737
23959864
23960145
23960472
23960713
23960836
23961352
23961427
23961803
23961839
23961849
23961851
23961852
23962576
23963578
23964652
23965029
23965186
23965452
23965455
23965615
23965823
23966538
23966976
23967137
23967548
23968294
23968315
23968371
23968446
23968491
23968948
23970517
23971307
23971583
23976012
23977455
23980181
23980929
23980957
23982150
23986354
23986370
23988062
23988147
23988287
23988414
23988729
23989415
23990101
23990259
23991156
23991296
23991558
23992050
23992087
23992113
23992299
23999692
23999822
24000941
24004376
24005105
24006384
24006932
24007138
24012333
24014020
24014722
24014758
24027837
24028024
24030960
24031151
24033353
24033721
24035536
24035562
24036067
24039770
24042464
24043389
24045122
24045925
24046266
24047609
24048068
24048997
24050141
24050742
24050752
24051010
24051561
24051829
24054360
24055401
24055977
24057557
24058163
24059035
24064853
24066064
24067186
24077139
24078256
24079876
24081394
24081990
24084596
24084690
24085038
24087522
24088614
24089642
24090923
24092195
24097359
24097723
24104929
24105360
24106547
24107035
24107174
24108812
24110267
24110269
24111983
24113753
24118428
24119475
24120004
24121388
24121497
24124514
24126603
24126900
24127171
24127905
24128409
24129281
24132027
24133527
24136178
24136373
24137965
24138267
24138332
24138835
24141286
24141472
24142870
24143702
24144853
24144911
24148403
24148450
24148823
24150568
24152950
24155533
24155922
24156639
24158281
24158473
24158957
24161007
24161904
24162487
24165207
24166049
24167167
24167261
24168257
24168403
24169253
24169298
24170051
24171334
24173166
24174913
24175222
24179973
24180016
24182744
24183285
24185433
24186107
24186116
24189308
24190965
24191226
24193494
24193749
24194664
24196045
24200122
24203368
24203520
24205257
24210108
24210112
24212582
24213309
24216202
24217776
24217796
24217806
24218015
24218860
24220395
24220617
24220618
24221672
24222817
24223249
24224845
24229283
24229694
24230830
24231093
24231383
24231495
24232848
24234667
24234925
24235481
24235888
24237572
24237888
24238706
24239794
24240413
24240429
24240806
24241390
24242401
24242446
24242461
24247822
24247856
24250382
24251680
24253124
24253217
24253565
24253754
24253968
24254666
24257297
24258078
24258089
24258106
24258759
24258760
24259030
24259161
24259719
24262560
24263116
24263295
24267199
24267981
24269037
24269477
24271054
24273114
24273662
24273852
24275634
24276166
24276189
24276606
24276623
24277258
24277353
24277811
24282212
24282527
24282557
24282983
24283453
24287450
24289472
24290457
24290923
24294728
24295518
24297721
24301246
24301582
24301757
24301866
24302666
24303782
24303873
24306657
24306672
24306895
24306899
24306900
24306901
24306903
24306905
24306906
24306943
24308528
24308650
24308739
24309094
24309645
24310137
24310142
24310373
24311576
24313202
24313726
24315662
24316649
24317805
24318113
24319002
24319749
24321581
24324364
24324910
24324981
24327748
24328328
24328688
24328717
24328887
24329457
24329501
24330056
24330103
24333155
24333303
24334322
24334495
24334821
24337355
24338903
24339235
24340594
24340730
24341538
24342975
24343499
24345107
24348078
24357779
24358145
24362032
24362579
24363313
24364074
24364173
24365730
24366346
24367962
24371867
24372620
24374493
24378088
24378891
24380144
24383280
24383324
24383501
24384051
24384954
24386248
24388854
24390312
24390930
24393191
24393380
24394114
24395956
24396135
24396567
24398083
24398199
24398787
24398992
24399428
24400383
24404711
24405383
24405954
24407470
24408734
24409195
24411950
24412156
24414104
24414847
24415390
24416082
24416097
24416451
24416699
24417051
24417418
24422825
24422838
24423277
24423533
24424479
24424498
24424725
24425084
24425264
24425273
24425407
24425434
24426285
24427205
24428151
24428263
24429057
24429131
24429774
24430465
24431265
24431697
24433514
24433948
24436801
24437158
24437461
24437855
24438481
24438858
24439136
24439362
24439551
24440645
24442909
24443729
24443922
24444873
24445196
24445302
24445949
24446477
24447107
24448119
24448502
24448793
24449283
24450062
24450902
24451737
24466846
24467694
24468527
24524474
24525328
24525361
24528309
24528446
24528941
24528949
24529115
24529435
24530034
24534844
24534975
24537285
24538993
24539340
24539868
24539893
24539955
24540296
24540390
24540673
24541269
24541988
24542204
24544370
24545953
24547602
24548202
24548521
24549754
24550422
24551089
24551131
24553092
24553170
24555210
24555818
24556328
24556805
24558114
24558325
24558689
24561141
24561311
24562037
24562253
24563404
24563633
24563962
24564435
24564666
24564785
24564900
24566664
24566727
24568024
24568307
24569093
24570144
24570469
24570474
24570972
24571137
24571439
24572000
24572354
24573600
24574402
24575588
24576415
24576455
24576572
24576915
24576951
24577048
24577437
24578024
24578025
24578481
24580090
24580511
24580681
24580691
24581600
24581838
24582009
24582063
24582111
24582846
24583171
24583194
24584717
24584998
24586462
24586464
24587204
24587911
24589639
24589904
24590486
24590707
24591646
24591995
24592304
24593828
24594808
24595227
24595343
24595849
24601697
24603217
24603311
24603861
24603895
24604022
24604410
24606103
24606438
24607281
24607448
24608048
24608364
24608799
24609167
24609222
24609515
24610132
24610215
24610953
24611940
24612283
24612416
24612634
24613169
24613668
24614703
24615839
24616143
24616179
24616558
24616969
24617013
24617119
24617229
24617989
24618060
24618862
24620828
24621030
24621105
24621527
24622092
24622154
24622489
24622730
24623420
24623485
24623797
24624586
24624975
24625268
24625275
24625709
24626178
24626847
24627318
24627714
24628256
24628325
24628599
24629546
24629952
24630458
24630692
24630820
24631211
24632502
24634030
24634066
24636028
24636192
24636262
24636527
24637594
24637738
24638056
24638174
24638229
24638291
24639429
24639450
24642162
24642278
24644847
24645940
24646551
24647056
24647061
24647568
24647608
24648258
24648419
24649810
24649815
24649890
24651681
24651879
24652184
24652474
24652542
24652744
24652829
24652954
24653270
24653275
24653481
24653695
24655478
24655580
24655647
24655680
24657165
24657405
24657881
24658670
24658757
24658991
24659647
24659648
24659926
24660107
24660241
24660330
24660331
24660441
24660443
24660444
24660445
24660452
24661575
24662094
24662325
24662400
24662702
24662789
24663867
24664666
24664841
24664899
24664911
24665314
24665684
24665811
24665961
24666207
24666354
24667273
24667403
24667520
24667890
24668150
24668297
24668316
24668471
24668875
24668941
24669519
24669815
24669836
24669862
24670524
24670662
24670819
24670965
24671385
24671387
24672803
24673362
24674363
24674982
24675229
24675359
24675507
24675518
24676876
24676877
24677545
24677657
24677697
24677854
24678333
24678486
24678491
24678860
24679018
24679313
24679678
24680288
24680817
24681251
24681637
24681783
24682609
24682889
24683348
24684156
24685060
24686187
24686393
24686468
24686488
24686560
24686601
24686650
24687022
24687120
24687338
24687528
24688440
24688518
24689297
24690594
24690713
24691501
24691531
24691677
24691760
24691839
24692327
24693108
24693417
24693836
24694097
24694225
24694480
24696060
24696505
24696840
24696960
24697163
24698461
24698635
24699036
24699483
24701085
24702487
24703038
24703078
24703103
24703382
24703501
24703959
24704168
24704576
24706516
24706778
24706833
24706984
24706991
24707896
24708334
24708662
24709817
24710417
24710526
24710644
24710781
24710865
24711158
24711320
24711603
24712071
24712498
24712560
24712585
24712756
24712948
24712949
24712996
24714100
24714373
24714973
24715013
24715195
24716179
24716348
24716816
24716837
24716907
24716910
24716912
24716993
24717098
24717256
24717863
24718127
24718130
24718143
24718286
24719108
24719116
24719666
24719993
24720079
24721065
24721465
24722513
24723049
24723086
24723151
24723970
24724465
24725329
24725737
24727173
24727512
24727926
24727993
24728051
24728589
24728747
24728841
24728855
24730269
24730522
24730554
24730990
24731313
24731612
24731837
24732049
24732300
24732665
24732811
24732848
24732874
24732881
24733752
24734689
24735469
24735567
24736081
24736214
24736263
24736452
24736750
24736852
24736858
24737158
24737999
24738040
24738249
24738256
24738367
24738401
24738422
24738453
24738640
24738651
24738713
24738956
24739028
24739359
24739916
24739966
24740118
24740203
24740934
24741195
24741246
24741370
24741461
24741836
24742043
24742837
24743243
24743344
24743376
24743385
24743387
24743393
24743405
24743417
24743460
24743492
24743724
24744147
24744269
24744415
24744627
24745078
24745144
24745212
24745498
24745875
24746049
24746179
24746240
24746597
24747010
24747113
24747211
24747289
24747668
24747669
24747784
24748193
24748221
24748423
24748625
24748890
24749283
24749866
24750098
24750990
24752033
24752390
24752693
24752987
24753246
24753377
24753476
24753497
24753724
24754144
24754157
24754186
24754314
24754871
24755064
24755900
24756047
24756369
24756740
24756964
24758349
24758687
24758987
24760001
24760154
24760204
24760284
24761004
24761596
24761611
24761868
24762179
24762312
24762836
24762861
24762950
24762978
24763402
24763622
24763747
24763753
24764014
24764049
24764729
24765024
24765028
24765075
24765115
24765150
24765397
24765593
24765772
24766146
24766175
24766294
24766313
24766340
24766525
24766670
24766681
24766761
24767031
24767226
24767355
24767433
24767703
24767882
24768108
24768152
24768484
24768549
24768578
24768694
24768833
24768936
24768957
24768976
24769254
24769644
24769648
24769877
24770124
24770963
24770984
24770999
24771167
24771200
24771667
24771753
24771899
24771993
24772303
24772337
24772351
24772701
24772735
24772967
24772987
24773081
24773188
24773421
24773839
24774994
24775428
24775446
24775481
24775553
24775721
24776199
24776504
24776805
24776814
24776858
24777197
24777288
24777442
24777563
24778116
24778131
24778270
24778872
24778950
24778951
24779168
24779171
24779188
24779208
24779261
24779377
24779392
24779432
24779575
24779685
24779758
24779789
24780120
24780717
24781147
24781229
24781410
24781743
24782374
24782433
24782463
24782467
24782525
24782532
24782765
24782775
24782787
24782875
24783101
24783122
24783126
24783298
24783326
24783384
24783808
24783993
24784186
24784777
24784829
24785133
24785855
24786032
24786042
24786183
24786211
24786232
24786716
24786860
24786980
24786995
24787009
24787023
24787164
24787182
24787291
24787484
24787786
24787789
24787979
24788274
24788806
24788820
24788851
24789098
24789101
24789140
24789171
24789247
24789559
24789634
24789692
24790260
24790446
24790603
24790816
24791006
24791050
24791092
24791595
24791900
24792165
24792398
24792505
24792568
24792684
24792826
24792837
24793011
24793440
24793454
24793618
24793649
24794065
24794194
24794545
24794650
24794744
24794885
24795164
24795218
24795537
24795917
24796343
24796356
24796476
24796694
24796736
24796753
24797096
24797205
24797450
24797465
24798069
24798205
24798211
24798455
24798522
24798717
24798852
24799725
24799829
24799849
24799871
24799959
24799976
24800002
24800117
24800125
24800253
24800338
24800470
24800567
24800814
24800819
24800839
24800883
24801130
24801155
24801193
24801410
24801450
24801600
24801712
24801718
24801720
24801763
24801884
24801912
24801996
24802113
24802560
24802598
24802804
24803061
24803069
24803083
24803545
24803849
24803863
24803869
24804302
24804327
24804792
24805161
24805249
24805667
24805834
24805836
24805876
24805890
24805956
24805958
24805974
24806051
24806108
24806544
24806901
24806909
24807073
24807522
24807668
24807700
24807708
24807809
24807829
24807851
24808115
24808127
24808375
24808811
24809025
24809282
24809296
24809474
24809545
24809977
24810135
24810385
24810402
24810538
24810647
24810671
24810845
24811010
24811067
24811089
24811181
24811248
24811279
24811766
24812079
24812393
24812704
24812869
24812934
24813185
24813202
24813272
24813505
24813576
24813636
24813824
24814111
24814122
24814256
24814317
24814541
24814542
24814568
24815113
24815121
24815152
24815167
24815436
24815569
24815576
24815605
24815740
24815765
24815944
24816072
24816085
24816205
24816294
24816334
24816429
24816605
24816629
24816742
24816866
24816881
24816986
24817077
24817152
24817178
24817415
24817572
24817640
24817644
24817842
24817924
24817978
24818323
24818736
24818941
24818983
24819076
24819339
24819341
24819349
24819359
24819367
24819467
24819487
24819567
24819744
24819894
24820362
24820396
24820512
24821434
24821558
24822020
24822343
24822421
24822624
24822646
24822833
24823072
24823155
24823199
24823208
24823210
24823231
24823824
24823998
24824118
24824267
24824600
24824916
24824971
24825357
24825370
24825477
24825517
24825520
24825565
24825587
24825591
24825812
24825828
24825966
24826096
24827706
24828118
24828130
24828144
24828161
24828240
24828287
24828394
24828398
24828879
24829100
24829247
24829423
24830151
24830154
24830450
24830532
24830653
24830715
24830846
24831240
24831572
24831662
24831737
24832069
24832172
24832207
24832342
24832456
24832478
24832497
24832650
24832796
24832845
24832855
24832869
24832888
24832899
24832920
24833072
24833185
24833322
24833349
24833491
24833726
24833737
24834019
24834098
24834128
24834193
24834852
24835014
24835166
24835607
24835850
24836157
24836233
24836295
24836616
24836994
24837162
24837272
24837294
24837318
24837327
24837382
24837480
24837491
24837667
24837705
24837788
24837842
24837880
24838012
24838107
24838146
24838165
24838253
24838346
24838435
24838451
24838536
24838564
24838796
24838907
24839118
24839266
24839635
24839722
24840093
24840163
24840320
24840420
24840482
24840491
24840537
24840600
24840666
24840669
24840709
24840742
24840986
24841058
24841171
24841175
24841214
24841354
24841362
24841480
24841528
24841545
24841622
24841641
24841684
24841861
24841890
24841919
24841952
24842610
24842688
24842969
24843003
24843016
24843228
24843479
24843529
24843538
24843609
24843704
24843759
24843765
24843771
24843811
24843832
24843871
24843949
24844090
24844215
24844463
24844511
24844518
24844547
24844548
24844797
24844862
24844888
24845048
24845100
24845184
24845233
24845340
24845745
24845762
24846130
24846146
24846385
24846431
24846458
24846878
24846926
24846975
24847012
24847095
24847327
24847502
24847564
24847566
24847586
24847674
24848022
24848122
24848815
24849008
24849036
24849076
24849188
24849490
24849492
24849624
24849710
24849711
24849802
24849908
24849909
24849977
24850135
24850265
24850311
24850330
24850333
24850554
24851484
24851771
24851802
24851915
24852541
24852935
24853099
24853231
24853240
24853249
24853998
24854142
24854605
24854793
24854832
24854871
24854955
24854976
24855284
24855330
24855496
24855587
24855719
24855919
24855986
24856123
24856144
24856183
24856205
24856265
24856325
24856343
24856528
24856575
24856600
24856645
24856769
24856771
24856813
24856899
24857019
24857060
24857779
24857894
24857921
24857930
24858285
24858402
24858635
24858656
24858932
24859037
24859098
24859228
24859233
24859432
24859464
24859637
24859688
24859698
24859740
24859826
24860261
24860265
24860285
24860398
24860490
24860724
24860779
24860965
24861376
24861408
24861634
24861816
24862103
24862180
24862254
24862342
24862733
24862770
24862975
24863052
24863053
24863073
24863194
24863283
24863446
24863521
24864034
24864198
24864356
24864377
24864492
24864554
24865320
24865449
24865457
24865460
24865463
24865505
24865522
24865579
24865976
24866059
24866787
24866862
24866889
24866950
24867180
24867214
24867653
24868222
24868226
24868294
24868441
24868800
24868866
24869295
24869456
24869477
24869519
24869661
24869712
24869780
24869852
24869888
24869980
24870076
24870395
24870483
24870552
24870830
24871150
24871563
24871583
24871990
24871995
24872044
24872106
24872127
24872335
24872509
24872688
24872822
24873039
24873319
24873334
24873561
24873638
24873675
24873726
24873906
24874058
24874510
24874580
24874623
24874670
24874786
24874853
24874876
24875120
24875334
24875602
24875715
24875977
24876081
24876175
24876455
24876456
24876749
24877016
24877019
24877058
24877114
24877203
24877567
24878099
24878198
24878245
24878254
24878285
24878298
24878372
24878403
24878516
24878584
24878818
24879684
24879728
24879788
24879831
24880017
24880273
24880344
24880382
24880394
24880396
24880399
24880491
24880631
24880807
24881106
24881163
24881301
24881312
24881344
24881374
24881445
24881488
24881532
24881580
24881790
24881914
24881985
24881986
24882235
24882273
24882292
24882363
24882505
24882524
24882637
24882859
24882889
24882903
24882994
24883031
24883244
24883289
24883294
24883315
24883322
24883433
24883654
24883703
24883926
24884048
24884053
24884063
24884071
24884342
24884804
24885056
24885063
24885377
24885528
24885673
24885924
24886003
24886106
24886310
24886363
24886369
24886709
24886767
24886887
24887013
24887038
24887593
24887634
24887728
24887966
24888073
24888240
24888420
24888445
24888732
24888808
24888839
24888878
24888893
24888921
24889086
24889413
24889516
24890004
24890168
24890183
24890298
24890345
24890481
24890516
24891065
24891174
24891509
24891585
24891627
24891703
24891853
24891862
24891882
24891886
24891952
24891970
24892057
24892593
24892634
24892635
24892660
24892717
24892880
24892927
24893062
24893462
24893526
24893740
24894156
24894296
24894362
24894521
24894772
24894942
24895278
24895359
24895361
24895572
24895668
24895872
24895994
24896151
24896981
24897001
24897130
24897140
24897337
24897866
24897881
24898086
24898185
24898245
24898276
24898460
24898550
24898553
24899161
24899322
24899581
24899652
24899977
24900032
24900136
24900258
24900265
24900269
24900380
24900400
24900488
24900546
24900572
24900597
24900598
24900653
24900675
24900769
24900809
24901072
24901253
24901263
24901266
24901296
24901338
24901340
24901377
24902510
24902842
24902918
24902921
24902975
24902977
24903359
24903647
24903690
24903803
24904030
24904167
24904246
24904297
24904473
24904696
24904753
24904813
24904936
24904992
24905119
24905189
24905241
24905285
24905662
24905869
24905915
24906192
24906292
24906308
24906315
24906366
24906469
24906657
24907218
24907393
24907704
24907733
24907895
24908134
24908172
24908351
24908502
24908518
24908750
24909092
24909253
24909502
24909782
24910047
24910252
24910337
24910402
24910605
24910629
24910715
24910941
24910970
24910997
24911541
24911599
24911601
24911651
24911780
24912495
24912587
24912592
24912643
24912813
24912826
24913307
24913312
24913705
24913732
24913937
24913996
24914241
24914315
24914505
24914897
24914982
24915038
24915187
24915303
24915467
24915475
24915484
24915624
24915658
24915671
24915811
24915819
24916059
24916211
24916433
24916521
24916616
24916782
24916887
24916930
24917015
24917266
24917275
24917433
24917499
24917649
24917821
24918364
24918506
24918652
24918673
24918684
24918790
24918961
24919139
24919143
24919200
24919404
24919407
24919414
24919881
24920384
24920432
24920905
24921351
24921444
24922188
24922245
24922438
24922543
24922550
24922712
24922781
24922939
24922954
24923102
24923112
24923236
24923353
24923969
24923982
24924510
24925324
24925608
24925665
24925879
24926252
24926274
24926693
24926696
24926733
24926795
24927131
24927149
24927163
24927181
24927256
24927758
24927979
24928125
24928182
24928194
24928227
24928462
24929139
24929456
24930221
24930307
24931656
24931662
24931682
24931686
24931986
24932010
24932552
24933118
24934387
24934563
24934856
24935107
24935110
24935156
24935376
24935577
24936180
24936513
24936599
24936671
24936865
24936952
24936989
24937279
24937700
24937980
24938160
24938860
24938909
24938991
24939102
24939107
24939140
24939141
24939173
24939201
24939219
24939386
24939509
24939641
24939920
24940153
24940189
24940286
24940474
24940475
24940550
24940556
24940579
24940596
24940813
24940905
24940952
24940999
24941026
24941080
24941082
24941223
24941679
24941893
24941895
24941924
24941963
24942038
24942239
24942266
24942279
24942413
24942872
24942894
24942976
24943083
24943184
24943215
24943241
24943247
24943565
24943709
24943750
24943791
24943951
24943999
24944043
24944101
24944186
24944228
24944244
24944612
24944638
24944770
24944872
24944904
24945092
24945150
24945290
24945664
24945699
24945764
24945797
24946383
24946389
24946421
24946858
24947070
24947444
24947449
24947479
24947795
24948288
24948345
24948378
24948440
24948455
24948524
24948535
24950214
24950524
24950775
24950801
24950985
24951158
24951743
24951746
24951754
24951781
24951971
24952057
24952123
24952157
24952214
24952469
24952567
24952581
24952618
24952749
24952769
24953297
24953349
24953572
24953854
24953865
24954120
24954256
24954329
24954901
24954926
24955091
24955093
24955449
24955579
24955661
24955864
24955918
24955919
24955927
24956135
24956223
24956284
24956287
24956343
24956353
24956355
24956571
24956786
24956999
24957078
24957116
24957460
24957472
24957573
24957852
24957877
24957897
24958064
24958229
24958463
24958631
24958819
24958877
24959035
24959083
24959363
24959424
24960478
24960747
24960968
24960984
24961047
24961061
24961874
24961894
24962052
24962128
24962203
24962204
24962235
24962463
24962469
24962707
24962841
24963062
24963441
24963517
24963666
24963865
24963935
24964153
24964168
24964248
24965075
24965086
24965267
24965561
24965624
24965696
24965748
24965902
24965937
24966318
24966399
24966665
24966677
24966746
24966897
24967080
24967496
24967526
24968103
24968182
24968250
24968600
24969763
24969767
24970024
24970031
24970250
24970261
24970320
24970426
24970557
24970718
24970987
24971041
24971107
24971307
24971325
24971376
24971469
24971530
24971603
24971722
24971748
24971922
24972171
24972186
24972291
24972502
24972531
24972692
24972698
24972830
24972911
24974921
24974939
24975072
24975077
24975079
24975080
24975086
24975087
24975089
24975090
24975144
24975751
24975774
24975873
24976046
24976103
24976128
24976187
24977152
24977595
24977596
24977665
24977695
24977843
24977937
24978068
24978254
24978452
24978461
24978513
24978776
24978809
24978902
24978918
24978922
24978958
24979015
24979238
24979402
24979920
24979922
24980493
24980599
24980675
24980800
24980812
24980841
24980870
24980975
24981606
24981661
24981896
24982133
24982369
24982705
24982730
24982767
24982819
24982863
24982936
24983104
24983115
24983121
24983139
24983145
24983244
24983328
24983384
24983426
24983433
24983818
24984337
24984362
24984538
24984786
24984812
24984881
24985625
24985862
24986094
24986226
24986407
24986538
24986560
24986573
24986601
24986646
24986681
24986736
24986956
24987170
24987339
24987351
24987572
24987631
24987911
24988019
24988076
24988822
24988948
24989620
24989787
24990009
24990091
24990298
24990437
24990467
24990513
24990806
24991015
24991091
24991168
24991663
24991786
24991842
24992083
24992217
24992379
24992393
24992403
24992611
24992846
24993590
24993683
24993739
24994419
24995181
24995236
24995552
24995561
24995578
24995878
24995886
24996228
24996364
24996455
24996510
24996652
24996693
24996925
24997015
24997035
24997314
24997348
24997631
24997638
24997639
25000505
25000976
25001241
25001476
25001531
25001576
25001609
25001622
25001653
25001822
25002044
25002204
25002717
25002954
25003319
25003632
25003698
25003799
25003880
25003882
25003934
25004454
25005091
25005311
25005421
25005555
25005591
25005713
25005754
25005825
25005837
25005854
25005894
25005996
25006119
25006140
25006250
25006391
25006468
25006469
25006637
25006795
25007295
25007523
25007584
25007588
25007668
25007673
25007770
25007784
25008003
25008026
25008120
25008257
25008546
25008565
25008716
25008935
25009179
25009764
25010496
25010505
25010658
25010933
25011283
25011346
25011496
25011794
25012110
25012680
25012730
25012958
25013313
25013503
25013606
25013682
25013851
25014033
25014138
25014266
25014284
25014289
25014328
25014720
25014829
25014962
25015100
25015104
25015124
25015244
25015264
25015441
25015786
25015847
25015891
25016088
25016183
25016278
25016372
25016406
25016481
25016492
25016616
25016912
25017019
25017110
25017221
25017728
25017732
25017849
25018118
25018266
25019248
25019816
25019826
25019948
25019977
25020756
25020846
25020909
25020956
25020978
25020979
25021012
25021190
25021518
25021546
25021570
25021614
25021878
25021916
25022043
25022278
25022489
25022534
25022535
25022597
25023453
25023618
25023966
25024073
25024091
25024113
25024193
25024302
25024440
25024559
25024589
25024633
25024744
25025134
25025229
25025273
25025274
25025287
25025338
25025619
25025716
25026077
25026132
25026293
25026341
25026349
25026564
25027051
25027078
25027211
25027496
25028773
25028826
25029061
25029116
25029246
25029292
25029372
25029933
25030181
25030284
25030705
25030870
25030891
25030898
25030998
25031018
25031227
25031619
25031643
25032080
25032128
25032264
25032296
25032812
25033864
25033890
25034026
25034363
25034383
25034701
25035212
25035278
25035465
25035601
25036048
25036051
25036121
25036171
25036253
25036322
25036419
25036539
25036665
25036743
25038199
25038374
25038502
25038592
25038632
25038759
25038818
25038976
25039021
25039168
25039341
25039347
25039427
25039540
25040180
25041023
25041036
25041206
25041231
25041288
25041299
25041369
25041539
25041684
25041771
25041877
25042079
25042181
25042226
25042249
25042344
25043190
25043233
25043318
25043341
25043352
25043503
25043534
25043697
25043922
25044053
25044229
25044262
25044280
25044525
25045323
25045444
25045522
25045743
25045954
25046050
25047150
25047167
25047194
25047230
25047236
25047323
25047325
25047327
25047355
25047372
25047415
25047455
25047470
25047519
25048198
25048314
25048347
25048413
25048561
25048665
25049024
25049102
25049278
25049302
25049506
25049553
25049672
25049729
25049972
25050087
25050229
25050773
25051522
25051605
25051608
25051614
25051656
25051768
25052550
25054510
25054914
25054980
25055135
25055356
25055694
25056253
25056946
25056974
25057171
25057375
25057450
25057869
25057914
25058021
25058178
25058357
25058695
25058947
25059007
25059041
25059815
25059819
25059924
25060407
25060653
25061082
25061117
25061146
25061187
25061240
25061647
25061649
25061688
25062145
25062154
25062189
25062419
25062658
25062846
25062912
25063859
25063903
25064211
25064384
25064405
25064423
25064691
25065149
25065188
25065253
25065344
25065474
25065946
25066027
25066304
25066448
25066591
25066950
25067140
25067233
25068272
25068850
25069212
25069360
25069362
25069612
25069929
25070092
25070168
25070368
25071099
25071184
25071638
25071665
25071745
25071998
25072324
25072527
25072574
25072860
25073012
25073838
25074210
25074224
25074265
25074487
25074598
25074685
25074719
25074895
25074996
25075044
25075164
25075668
25075992
25076143
25076171
25076467
25076471
25076814
25076945
25076950
25077212
25077786
25077945
25077990
25078096
25078240
25078331
25078935
25078938
25079049
25079244
25079405
25079476
25079550
25080028
25080142
25080393
25080399
25080634
25080639
25081428
25081569
25081907
25081992
25082004
25082007
25082197
25082291
25082360
25082534
25082689
25084043
25084608
25084618
25084909
25085007
25085506
25085514
25085655
25086098
25086503
25086647
25086648
25086649
25086654
25087023
25087451
25087493
25087552
25087631
25087978
25089223
25090324
25090459
25090529
25090825
25090969
25091245
25092044
25092146
25092747
25092791
25092884
25093621
25094140
25094788
25095043
25095947
25096044
25096293
25096554
25096563
25096566
25096602
25096648
25096800
25097159
25097274
25097920
25098044
25098063
25098132
25098396
25099524
25100462
25100813
25100855
25100862
25101764
25101913
25102415
25102512
25103356
25103480
25103659
25103660
25103745
25104100
25104797
25105441
25105899
25106097
25106501
25106957
25107203
25107214
25107226
25107274
25108399
25108589
25108791
25109061
25109120
25109969
25110203
25110235
25110417
25110418
25110613
25110968
25110972
25111125
25111155
25111362
25111510
25111712
25111809
25111885
25112037
25112368
25112692
25113259
25113334
25113437
25114150
25116031
25116059
25116085
25116308
25116407
25116546
25116758
25116798
25116823
25116912
25117242
25118334
25118464
25118577
25118813
25119861
25120607
25120848
25120871
25120879
25121029
25121632
25121689
25121700
25121730
25122173
25123404
25125607
25126012
25128085
25129635
25129859
25130836
25131479
25131915
25131986
25132950
25133331
25133605
25134416
25134734
25134740
25135957
25137933
25139259
25139934
25140202
25140366
25140524
25141164
25141980
25142631
25142635
25143403
25143677
25144186
25144444
25144573
25144709
25145863
25146331
25147303
25148425
25148754
25148951
25152036
25153212
25153378
25154238
25155116
25155330
25155851
25156163
25157323
25157523
25160273
25161243
25161414
25166369
6529181
6542759
6798156
7804396
8216723
8266962
8818813
9532113
9657802
9835650
9861853
